wall -23.9937 24.6689 0 0 0 0
wall -23.9937 23.6689 0 0 0 0
wall -23.9937 22.6689 0 0 0 0
wall -23.9937 21.6689 0 0 0 0
wall -23.9937 20.6689 0 0 0 0
wall -23.9937 19.6689 0 0 0 0
wall -23.9937 18.6689 0 0 0 0
wall -23.9937 17.6689 0 0 0 0
wall -23.9937 16.6689 0 0 0 0
wall -23.9937 15.6689 0 0 0 0
wall -23.9937 14.6689 0 0 0 0
wall -23.9937 13.6689 0 0 0 0
wall -23.9937 12.6689 0 0 0 0
wall -23.9937 11.6689 0 0 0 0
wall -23.9937 10.6689 0 0 0 0
wall -23.9937 9.6689 0 0 0 0
wall -23.9937 8.6689 0 0 0 0
wall -23.9937 7.6689 0 0 0 0
wall -23.9937 6.6689 0 0 0 0
wall -23.9937 5.6689 0 0 0 0
wall -23.9937 4.6689 0 0 0 0
wall -23.9937 3.6689 0 0 0 0
wall -23.9937 2.6689 0 0 0 0
wall -23.9937 1.6689 0 0 0 0
wall -23.9937 0.6689 0 0 0 0
wall -23.9937 -0.3311 0 0 0 0
wall -23.9937 -1.3311 0 0 0 0
wall -23.9937 -2.3311 0 0 0 0
wall -23.9937 -3.3311 0 0 0 0
wall -23.9937 -4.3311 0 0 0 0
wall -23.9937 -5.3311 0 0 0 0
wall -23.9937 -6.3311 0 0 0 0
wall -23.9937 -7.3311 0 0 0 0
wall -23.9937 -8.3311 0 0 0 0
wall -23.9937 -9.3311 0 0 0 0
wall -23.9937 -10.3311 0 0 0 0
wall -23.9937 -11.3311 0 0 0 0
wall -23.9937 -12.3311 0 0 0 0
wall -23.9937 -13.3311 0 0 0 0
wall -23.9937 -14.3311 0 0 0 0
wall -23.9937 -15.3311 0 0 0 0
wall -23.9937 -16.3311 0 0 0 0
wall -23.9937 -17.3311 0 0 0 0
wall -23.9937 -18.3311 0 0 0 0
wall -23.9937 -19.3311 0 0 0 0
wall -23.9937 -20.3311 0 0 0 0
wall -23.9937 -21.3311 0 0 0 0
wall -23.9937 -22.3311 0 0 0 0
wall -23.9937 -23.3311 0 0 0 0
wall -23.9937 -24.3311 0 0 0 0
wall -22.9937 -24.3311 0 0 0 0
wall -21.9937 -24.3311 0 0 0 0
wall -20.9937 -24.3311 0 0 0 0
wall -19.9937 -24.3311 0 0 0 0
wall -18.9937 -24.3311 0 0 0 0
wall -17.9937 -24.3311 0 0 0 0
wall -16.9937 -24.3311 0 0 0 0
wall -15.9937 -24.3311 0 0 0 0
wall -14.9937 -24.3311 0 0 0 0
wall -13.9937 -24.3311 0 0 0 0
wall -12.9937 -24.3311 0 0 0 0
wall -11.9937 -24.3311 0 0 0 0
wall -10.9937 -24.3311 0 0 0 0
wall -9.99372 -24.3311 0 0 0 0
wall -8.99372 -24.3311 0 0 0 0
wall -7.99372 -24.3311 0 0 0 0
wall -6.99372 -24.3311 0 0 0 0
wall -5.99372 -24.3311 0 0 0 0
wall -4.99372 -24.3311 0 0 0 0
wall -3.99372 -24.3311 0 0 0 0
wall -2.99372 -24.3311 0 0 0 0
wall -1.99372 -24.3311 0 0 0 0
wall -0.993719 -24.3311 0 0 0 0
wall 0.0062809 -24.3311 0 0 0 0
wall 1.00628 -24.3311 0 0 0 0
wall 2.00628 -24.3311 0 0 0 0
wall 3.00628 -24.3311 0 0 0 0
wall 4.00628 -24.3311 0 0 0 0
wall 5.00628 -24.3311 0 0 0 0
wall 6.00628 -24.3311 0 0 0 0
wall 7.00628 -24.3311 0 0 0 0
wall 8.00628 -24.3311 0 0 0 0
wall 9.00628 -24.3311 0 0 0 0
wall 10.0063 -24.3311 0 0 0 0
wall 11.0063 -24.3311 0 0 0 0
wall 12.0063 -24.3311 0 0 0 0
wall 13.0063 -24.3311 0 0 0 0
wall 14.0063 -24.3311 0 0 0 0
wall 15.0063 -24.3311 0 0 0 0
wall 16.0063 -24.3311 0 0 0 0
wall 17.0063 -24.3311 0 0 0 0
wall 18.0063 -24.3311 0 0 0 0
wall 19.0063 -24.3311 0 0 0 0
wall 20.0063 -24.3311 0 0 0 0
wall 21.0063 -24.3311 0 0 0 0
wall 22.0063 -24.3311 0 0 0 0
wall 23.0063 -24.3311 0 0 0 0
wall 24.0063 -24.3311 0 0 0 0
wall 24.0063 -23.3311 0 0 0 0
wall 24.0063 -22.3311 0 0 0 0
wall 24.0063 -21.3311 0 0 0 0
wall 24.0063 -20.3311 0 0 0 0
wall 24.0063 -19.3311 0 0 0 0
wall 24.0063 -18.3311 0 0 0 0
wall 24.0063 -17.3311 0 0 0 0
wall 24.0063 -16.3311 0 0 0 0
wall 24.0063 -15.3311 0 0 0 0
wall 24.0063 -14.3311 0 0 0 0
wall 24.0063 -13.3311 0 0 0 0
wall 24.0063 -12.3311 0 0 0 0
wall 24.0063 -11.3311 0 0 0 0
wall 24.0063 -10.3311 0 0 0 0
wall 24.0063 -9.3311 0 0 0 0
wall 24.0063 -8.3311 0 0 0 0
wall 24.0063 -7.3311 0 0 0 0
wall 24.0063 -6.3311 0 0 0 0
wall 24.0063 -5.3311 0 0 0 0
wall 24.0063 -4.3311 0 0 0 0
wall 24.0063 -3.3311 0 0 0 0
wall 24.0063 -2.3311 0 0 0 0
wall 24.0063 -1.3311 0 0 0 0
wall 24.0063 -0.3311 0 0 0 0
wall 24.0063 0.6689 0 0 0 0
wall 24.0063 1.6689 0 0 0 0
wall 24.0063 2.6689 0 0 0 0
wall 24.0063 3.6689 0 0 0 0
wall 24.0063 4.6689 0 0 0 0
wall 24.0063 5.6689 0 0 0 0
wall 24.0063 6.6689 0 0 0 0
wall 24.0063 7.6689 0 0 0 0
wall 24.0063 8.6689 0 0 0 0
wall 24.0063 9.6689 0 0 0 0
wall 24.0063 10.6689 0 0 0 0
wall 24.0063 11.6689 0 0 0 0
wall 24.0063 12.6689 0 0 0 0
wall 24.0063 13.6689 0 0 0 0
wall 24.0063 14.6689 0 0 0 0
wall 24.0063 15.6689 0 0 0 0
wall 24.0063 16.6689 0 0 0 0
wall 24.0063 17.6689 0 0 0 0
wall 24.0063 18.6689 0 0 0 0
wall 24.0063 19.6689 0 0 0 0
wall 24.0063 20.6689 0 0 0 0
wall 24.0063 21.6689 0 0 0 0
wall 24.0063 22.6689 0 0 0 0
wall 24.0063 23.6689 0 0 0 0
wall 23.0063 23.6689 0 0 0 0
wall 22.0063 23.6689 0 0 0 0
wall 21.0063 23.6689 0 0 0 0
wall 20.0063 23.6689 0 0 0 0
wall 19.0063 23.6689 0 0 0 0
wall 18.0063 23.6689 0 0 0 0
wall 17.0063 23.6689 0 0 0 0
wall 16.0063 23.6689 0 0 0 0
wall 15.0063 23.6689 0 0 0 0
wall 14.0063 23.6689 0 0 0 0
wall 13.0063 23.6689 0 0 0 0
wall 12.0063 23.6689 0 0 0 0
wall 11.0063 23.6689 0 0 0 0
wall 10.0063 23.6689 0 0 0 0
wall 9.00628 23.6689 0 0 0 0
wall -22.9609 23.6361 0 0 0 0
wall -21.9609 23.6361 0 0 0 0
wall -20.9609 23.6361 0 0 0 0
wall -19.9609 23.6361 0 0 0 0
wall -18.9609 23.6361 0 0 0 0
wall -17.9609 23.6361 0 0 0 0
wall -16.9609 23.6361 0 0 0 0
wall -15.9609 23.6361 0 0 0 0
wall -14.9609 23.6361 0 0 0 0
wall -13.9609 23.6361 0 0 0 0
wall -12.9609 23.6361 0 0 0 0
wall -11.9609 23.6361 0 0 0 0
wall -10.9609 23.6361 0 0 0 0
wall -9.9609 23.6361 0 0 0 0
wall -8.9609 23.6361 0 0 0 0
wall -7.9609 23.6361 0 0 0 0
wall 7.72847 23.7099 0 0 0 0
wall 6.47434 23.8574 0 0 0 0
wall 5.07266 23.7099 0 0 0 0
wall -23.256 5.8569 0 0 0 0
wall -22.256 5.8569 0 0 0 0
wall -21.256 5.8569 0 0 0 0
wall -20.256 5.8569 0 0 0 0
wall -19.256 5.8569 0 0 0 0
wall -18.256 5.8569 0 0 0 0
wall -17.256 5.8569 0 0 0 0
wall -16.256 5.8569 0 0 0 0
wall -15.256 5.8569 0 0 0 0
wall -14.256 5.8569 0 0 0 0
wall -13.256 5.8569 0 0 0 0
wall -12.256 5.8569 0 0 0 0
wall -11.256 5.8569 0 0 0 0
wall -10.256 5.8569 0 0 0 0
wall -9.25599 5.8569 0 0 0 0
wall -9.25599 6.8569 0 0 0 0
wall -9.25599 7.8569 0 0 0 0
wall -9.25599 8.8569 0 0 0 0
wall -9.25599 9.8569 0 0 0 0
wall -9.25599 10.8569 0 0 0 0
wall -9.25599 11.8569 0 0 0 0
wall -9.25599 12.8569 0 0 0 0
wall -9.25599 13.8569 0 0 0 0
wall -9.25599 14.8569 0 0 0 0
wall -9.25599 15.8569 0 0 0 0
wall -9.25599 16.8569 0 0 0 0
wall -9.25599 17.8569 0 0 0 0
wall -9.25599 18.8569 0 0 0 0
wall -9.25599 19.8569 0 0 0 0
wall -9.25599 20.8569 0 0 0 0
wall -9.25599 21.8569 0 0 0 0
wall -9.25599 22.8569 0 0 0 0
wall 23.2945 -6.53688 0 0 0 0
wall 22.2945 -6.53688 0 0 0 0
wall 21.2945 -6.53688 0 0 0 0
wall 20.2945 -6.53688 0 0 0 0
wall 19.2945 -6.53688 0 0 0 0
wall 18.2945 -6.53688 0 0 0 0
wall 17.2945 -6.53688 0 0 0 0
wall 16.2945 -6.53688 0 0 0 0
wall 15.2945 -6.53688 0 0 0 0
wall 14.2945 -6.53688 0 0 0 0
wall 13.2945 -6.53688 0 0 0 0
wall 12.2945 -6.53688 0 0 0 0
wall 11.2945 -6.53688 0 0 0 0
wall 10.2945 -6.53688 0 0 0 0
wall 10.2945 -7.53688 0 0 0 0
wall 10.2945 -8.53688 0 0 0 0
wall 10.2945 -9.53688 0 0 0 0
wall 10.2945 -10.5369 0 0 0 0
wall 10.2945 -11.5369 0 0 0 0
wall 10.2945 -12.5369 0 0 0 0
wall 10.2945 -13.5369 0 0 0 0
wall 10.2945 -14.5369 0 0 0 0
wall 10.2945 -15.5369 0 0 0 0
wall 10.2945 -16.5369 0 0 0 0
wall 10.2945 -17.5369 0 0 0 0
wall 9.29448 -17.5369 0 0 0 0
wall 9.29448 -18.5369 0 0 0 0
wall 9.29448 -19.5369 0 0 0 0
wall 9.29448 -20.5369 0 0 0 0
wall 9.29448 -21.5369 0 0 0 0
wall 9.29448 -22.5369 0 0 0 0
wall 9.29448 -23.5369 0 0 0 0
goal -0.644711 23.6682 0 0 0 0
player -0.79065 -4.38947 0 0 0 0
