wall -2.79053 3.65655 0
wall -3.79053 3.65655 0
wall -4.79053 3.65655 0
wall -4.79053 2.65655 0
wall -5.79053 2.65655 0
wall -5.79053 1.65655 0
wall -5.79053 0.656551 0
wall -5.79053 -0.343449 0
wall -5.79053 -1.34345 0
wall -5.79053 -2.34345 0
wall -4.79053 -2.34345 0
wall -3.79053 -2.34345 0
wall -2.79053 -2.34345 0
wall -1.79053 -2.34345 0
wall -0.790526 -2.34345 0
wall 0.209474 -2.34345 0
wall 1.20947 -2.34345 0
wall 2.20947 -2.34345 0
wall 3.20947 -2.34345 0
wall 4.20947 -2.34345 0
wall 5.20947 -2.34345 0
wall 6.20947 -2.34345 0
wall 7.20947 -2.34345 0
wall 8.20947 -2.34345 0
wall 9.20947 -2.34345 0
wall 10.2095 -2.34345 0
wall 11.2095 -2.34345 0
wall 12.2095 -2.34345 0
wall 12.2095 -1.34345 0
wall 12.2095 -0.343449 0
wall 12.2095 0.656551 0
wall 12.2095 1.65655 0
wall 11.2095 1.65655 0
wall 11.2095 2.65655 0
wall 10.2095 2.65655 0
wall 9.20947 2.65655 0
wall 8.20947 2.65655 0
wall 7.20947 2.65655 0
wall 6.20947 2.65655 0
wall 5.20947 2.65655 0
wall 4.20947 2.65655 0
wall 3.20947 2.65655 0
wall 2.20947 2.65655 0
wall 1.20947 2.65655 0
wall 1.20947 1.65655 0
wall 1.20947 0.656551 0
wall 1.20947 -0.343449 0
wall 1.20947 -1.34345 0
wall 1.20947 -2.34345 0
wall 1.20947 -3.34345 0
wall 1.20947 -4.34345 0
wall 1.20947 -5.34345 0
wall 1.20947 -6.34345 0
wall 0.209474 -6.34345 0
wall -0.790526 -6.34345 0
wall -1.79053 -6.34345 0
wall -2.79053 -6.34345 0
wall -3.79053 -6.34345 0
wall -4.79053 -6.34345 0
wall -5.79053 -6.34345 0
wall -6.79053 -6.34345 0
wall -7.79053 -6.34345 0
wall -7.79053 -7.34345 0
wall -8.79053 -7.34345 0
wall -8.79053 -8.34345 0
wall -9.79053 -8.34345 0
wall -10.7905 -8.34345 0
wall -10.7905 -7.34345 0
wall -10.7905 -6.34345 0
wall -10.7905 -5.34345 0
wall -9.79053 -5.34345 0
wall -8.79053 -5.34345 0
wall -7.79053 -5.34345 0
wall -6.79053 -5.34345 0
wall -5.79053 -5.34345 0
wall -4.79053 -5.34345 0
wall -3.79053 -5.34345 0
wall -2.79053 -5.34345 0
wall -1.79053 -5.34345 0
wall -0.790526 -5.34345 0
wall 0.209474 -5.34345 0
wall 1.20947 -5.34345 0
wall 2.20947 -5.34345 0
wall 3.20947 -5.34345 0
wall 3.20947 -4.34345 0
wall 3.20947 -3.34345 0
wall 3.20947 -2.34345 0
wall 4.20947 -2.34345 0
wall 5.20947 -2.34345 0
wall 5.20947 -1.34345 0
wall 6.20947 -1.34345 0
wall 6.20947 -0.343449 0
wall 7.20947 -0.343449 0
wall 7.20947 0.656551 0
wall 8.20947 0.656551 0
wall 8.20947 1.65655 0
wall 9.20947 1.65655 0
wall 9.20947 2.65655 0
wall 9.20947 3.65655 0
wall 10.2095 3.65655 0
wall 10.2095 4.65655 0
wall 10.2095 5.65655 0
wall 10.2095 6.65655 0
wall 10.2095 7.65655 0
wall 10.2095 8.65655 0
wall 9.20947 8.65655 0
wall 9.20947 9.65655 0
wall 8.20947 9.65655 0
wall 7.20947 9.65655 0
wall 6.20947 9.65655 0
wall 5.20947 9.65655 0
wall 4.20947 9.65655 0
wall 3.20947 9.65655 0
wall 2.20947 9.65655 0
wall 1.20947 9.65655 0
wall 0.209474 9.65655 0
wall 0.209474 8.65655 0
wall -0.790526 8.65655 0
wall -0.790526 7.65655 0
wall -0.790526 6.65655 0
wall -0.790526 5.65655 0
wall -0.790526 4.65655 0
wall -0.790526 3.65655 0
wall 0.209474 3.65655 0
wall 1.20947 3.65655 0
wall 1.20947 2.65655 0
wall 2.20947 2.65655 0
wall 3.20947 2.65655 0
wall 4.20947 2.65655 0
wall 5.20947 2.65655 0
wall 5.20947 1.65655 0
wall 6.20947 1.65655 0
wall 7.20947 1.65655 0
wall 7.20947 0.656551 0
wall 8.20947 0.656551 0
wall 9.20947 0.656551 0
wall 10.2095 0.656551 0
wall 10.2095 -0.343449 0
wall 11.2095 -0.343449 0
wall 11.2095 -1.34345 0
wall 12.2095 -1.34345 0
wall 12.2095 -2.34345 0
wall 12.2095 -3.34345 0
wall 11.2095 -3.34345 0
wall 11.2095 -4.34345 0
wall 10.2095 -4.34345 0
wall 9.20947 -4.34345 0
wall 9.20947 -5.34345 0
wall 8.20947 -5.34345 0
wall 8.20947 -6.34345 0
wall 7.20947 -6.34345 0
wall 7.20947 -7.34345 0
wall 6.20947 -7.34345 0
wall 6.20947 -8.34345 0
wall 5.20947 -8.34345 0
wall 4.20947 -8.34345 0
wall 3.20947 -8.34345 0
wall 2.20947 -8.34345 0
wall -12.1244 4.39428 0
wall -18.2186 3.4641 0
