wall -0.723277 -19.2987 0 0 0 0
wall -0.723277 -18.2987 0 0 0 0
wall -0.723277 -17.2987 0 0 0 0
wall -0.723277 -16.2987 0 0 0 0
wall -1.72328 -16.2987 0 0 0 0
wall -1.72328 -15.2987 0 0 0 0
wall -2.72328 -15.2987 0 0 0 0
wall -2.72328 -14.2987 0 0 0 0
wall -3.72328 -14.2987 0 0 0 0
wall -4.72328 -14.2987 0 0 0 0
wall -4.72328 -13.2987 0 0 0 0
wall -5.72328 -13.2987 0 0 0 0
wall -5.72328 -12.2987 0 0 0 0
wall -6.72328 -12.2987 0 0 0 0
wall -6.72328 -11.2987 0 0 0 0
wall -7.72328 -11.2987 0 0 0 0
wall -8.72328 -11.2987 0 0 0 0
wall -8.72328 -10.2987 0 0 0 0
wall -9.72328 -10.2987 0 0 0 0
wall -9.72328 -9.29874 0 0 0 0
wall -10.7233 -9.29874 0 0 0 0
wall -11.7233 -9.29874 0 0 0 0
wall -11.7233 -8.29874 0 0 0 0
wall -12.7233 -8.29874 0 0 0 0
wall -12.7233 -7.29874 0 0 0 0
wall -13.7233 -7.29874 0 0 0 0
wall -13.7233 -6.29874 0 0 0 0
wall -14.7233 -6.29874 0 0 0 0
wall -15.7233 -6.29874 0 0 0 0
wall -16.7233 -6.29874 0 0 0 0
wall -16.7233 -5.29874 0 0 0 0
wall -17.7233 -5.29874 0 0 0 0
wall -17.7233 -4.29874 0 0 0 0
wall -17.7233 -3.29874 0 0 0 0
wall -18.7233 -3.29874 0 0 0 0
wall -18.7233 -2.29874 0 0 0 0
wall -18.7233 -1.29874 0 0 0 0
wall -19.7233 -1.29874 0 0 0 0
wall -19.7233 -0.298744 0 0 0 0
wall -19.7233 0.701256 0 0 0 0
wall -19.7233 1.70126 0 0 0 0
wall -19.7233 2.70126 0 0 0 0
wall -19.7233 3.70126 0 0 0 0
wall -19.7233 4.70126 0 0 0 0
wall -19.7233 5.70126 0 0 0 0
wall -19.7233 6.70126 0 0 0 0
wall -19.7233 7.70126 0 0 0 0
wall -19.7233 8.70126 0 0 0 0
wall -19.7233 9.70126 0 0 0 0
wall -19.7233 10.7013 0 0 0 0
wall -18.7233 10.7013 0 0 0 0
wall -18.7233 11.7013 0 0 0 0
wall -18.7233 12.7013 0 0 0 0
wall -17.7233 12.7013 0 0 0 0
wall -17.7233 13.7013 0 0 0 0
wall -16.7233 13.7013 0 0 0 0
wall -16.7233 14.7013 0 0 0 0
wall -15.7233 14.7013 0 0 0 0
wall -14.7233 14.7013 0 0 0 0
wall -13.7233 14.7013 0 0 0 0
wall -12.7233 14.7013 0 0 0 0
wall -12.7233 15.7013 0 0 0 0
wall -11.7233 15.7013 0 0 0 0
wall -10.7233 15.7013 0 0 0 0
wall -9.72328 15.7013 0 0 0 0
wall -8.72328 15.7013 0 0 0 0
wall -7.72328 15.7013 0 0 0 0
wall -7.72328 14.7013 0 0 0 0
wall -6.72328 14.7013 0 0 0 0
wall -5.72328 14.7013 0 0 0 0
wall -5.72328 13.7013 0 0 0 0
wall -4.72328 13.7013 0 0 0 0
wall -4.72328 12.7013 0 0 0 0
wall -3.72328 12.7013 0 0 0 0
wall -3.72328 11.7013 0 0 0 0
wall -3.72328 10.7013 0 0 0 0
wall -2.72328 10.7013 0 0 0 0
wall -2.72328 9.70126 0 0 0 0
wall -2.72328 8.70126 0 0 0 0
wall -1.72328 8.70126 0 0 0 0
wall -1.72328 7.70126 0 0 0 0
wall -0.723278 7.70126 0 0 0 0
wall -0.723278 8.70126 0 0 0 0
wall -0.723278 9.70126 0 0 0 0
wall 0.276722 9.70126 0 0 0 0
wall 0.276722 10.7013 0 0 0 0
wall 1.27672 10.7013 0 0 0 0
wall 2.27672 10.7013 0 0 0 0
wall 2.27672 11.7013 0 0 0 0
wall 3.27672 11.7013 0 0 0 0
wall 3.27672 12.7013 0 0 0 0
wall 4.27672 12.7013 0 0 0 0
wall 5.27672 12.7013 0 0 0 0
wall 5.27672 13.7013 0 0 0 0
wall 6.27672 13.7013 0 0 0 0
wall 7.27672 13.7013 0 0 0 0
wall 7.27672 14.7013 0 0 0 0
wall 8.27672 14.7013 0 0 0 0
wall 9.27672 14.7013 0 0 0 0
wall 10.2767 14.7013 0 0 0 0
wall 11.2767 14.7013 0 0 0 0
wall 12.2767 14.7013 0 0 0 0
wall 13.2767 14.7013 0 0 0 0
wall 13.2767 13.7013 0 0 0 0
wall 14.2767 13.7013 0 0 0 0
wall 14.2767 12.7013 0 0 0 0
wall 15.2767 12.7013 0 0 0 0
wall 15.2767 11.7013 0 0 0 0
wall 16.2767 11.7013 0 0 0 0
wall 16.2767 10.7013 0 0 0 0
wall 17.2767 10.7013 0 0 0 0
wall 17.2767 9.70126 0 0 0 0
wall 17.2767 8.70126 0 0 0 0
wall 17.2767 7.70126 0 0 0 0
wall 17.2767 6.70126 0 0 0 0
wall 17.2767 5.70126 0 0 0 0
wall 17.2767 4.70126 0 0 0 0
wall 17.2767 3.70126 0 0 0 0
wall 17.2767 2.70126 0 0 0 0
wall 17.2767 1.70126 0 0 0 0
wall 17.2767 0.701256 0 0 0 0
wall 17.2767 -0.298744 0 0 0 0
wall 17.2767 -1.29874 0 0 0 0
wall 17.2767 -2.29874 0 0 0 0
wall 17.2767 -3.29874 0 0 0 0
wall 17.2767 -4.29874 0 0 0 0
wall 17.2767 -5.29874 0 0 0 0
wall 16.2767 -5.29874 0 0 0 0
wall 16.2767 -6.29874 0 0 0 0
wall 15.2767 -6.29874 0 0 0 0
wall 15.2767 -7.29874 0 0 0 0
wall 15.2767 -8.29874 0 0 0 0
wall 14.2767 -8.29874 0 0 0 0
wall 14.2767 -9.29874 0 0 0 0
wall 13.2767 -9.29874 0 0 0 0
wall 13.2767 -10.2987 0 0 0 0
wall 12.2767 -10.2987 0 0 0 0
wall 12.2767 -11.2987 0 0 0 0
wall 11.2767 -11.2987 0 0 0 0
wall 10.2767 -11.2987 0 0 0 0
wall 10.2767 -12.2987 0 0 0 0
wall 9.27672 -12.2987 0 0 0 0
wall 8.27672 -12.2987 0 0 0 0
wall 8.27672 -13.2987 0 0 0 0
wall 7.27672 -13.2987 0 0 0 0
wall 7.27672 -14.2987 0 0 0 0
wall 6.27672 -14.2987 0 0 0 0
wall 5.27672 -14.2987 0 0 0 0
wall 4.27672 -14.2987 0 0 0 0
wall 3.27672 -14.2987 0 0 0 0
wall 3.27672 -15.2987 0 0 0 0
wall 2.27672 -15.2987 0 0 0 0
wall 2.27672 -16.2987 0 0 0 0
wall 1.27672 -16.2987 0 0 0 0
wall 0.276722 -16.2987 0 0 0 0
wall 0.276722 -17.2987 0 0 0 0
goal -1.31426 5.1785 0 360 0 0
player -1.24931 -12.1316 0 0 0 0
