wall -4.65088 5.93388 0
wall -2.65088 5.93388 0
wall -0.650877 5.93388 0
wall 0.349123 5.93388 0
wall 1.34912 5.93388 0
wall 2.34912 5.93388 0
wall 3.34912 5.93388 0
wall 4.34912 5.93388 0
wall 11.3491 5.93388 0
wall 13.3491 5.93388 0
wall 14.3491 5.93388 0
wall 14.3491 4.93388 0
wall 14.3491 3.93388 0
wall 14.3491 2.93388 0
wall 14.3491 1.93388 0
wall 15.3491 1.93388 0
wall 15.3491 0.933877 0
wall 15.3491 -0.0661225 0
wall 15.3491 -1.06612 0
wall 15.3491 -2.06612 0
wall 15.3491 -3.06612 0
wall 15.3491 -4.06612 0
wall 15.3491 -5.06612 0
wall 15.3491 -6.06612 0
wall 15.3491 -7.06612 0
wall 15.3491 -8.06612 0
wall 15.3491 -9.06612 0
wall 14.3491 -9.06612 0
wall 13.3491 -9.06612 0
wall 12.3491 -9.06612 0
wall 11.3491 -9.06612 0
wall 10.3491 -9.06612 0
wall 9.34912 -9.06612 0
wall 8.34912 -9.06612 0
wall 7.34912 -9.06612 0
wall 6.34912 -9.06612 0
wall 5.34912 -9.06612 0
wall 4.34912 -9.06612 0
wall 3.34912 -9.06612 0
wall 2.34912 -9.06612 0
wall 1.34912 -9.06612 0
wall 0.349123 -9.06612 0
wall -0.650877 -9.06612 0
wall -1.65088 -9.06612 0
wall -2.65088 -9.06612 0
wall -3.65088 -9.06612 0
wall -4.65088 -9.06612 0
wall -5.65088 -9.06612 0
wall -5.65088 -8.06612 0
wall -5.65088 -7.06612 0
wall -5.65088 -6.06612 0
wall -5.65088 -5.06612 0
wall -5.65088 -4.06612 0
wall -5.65088 -3.06612 0
wall -5.65088 -2.06612 0
wall -5.65088 -1.06612 0
wall -5.65088 -0.0661221 0
wall -5.65088 0.933878 0
wall -5.65088 1.93388 0
wall -5.65088 2.93388 0
wall -5.65088 3.93388 0
wall -5.65088 4.93388 0
wall -18.2186 3.81693 0
wall -4.68295 5.70935 0
wall 1.89243 6.12633 0
wall 12.2527 5.7735 0
wall 6.22255 6.0301 0
wall -19.0526 3.81693 0
wall -0.57735 3.39995 0
wall -0.57735 2.39995 0
wall -0.57735 1.39995 0
wall -0.57735 0.399951 0
wall -0.57735 -0.600049 0
wall -0.57735 -1.60005 0
wall -0.57735 -2.60005 0
wall -0.57735 -3.60005 0
wall -0.57735 -4.60005 0
wall 0.42265 -4.60005 0
wall 1.42265 -4.60005 0
wall 2.42265 -4.60005 0
wall 3.42265 -4.60005 0
wall 4.42265 -4.60005 0
wall 5.42265 -4.60005 0
wall 6.42265 -4.60005 0
wall 7.42265 -4.60005 0
wall 8.42265 -4.60005 0
wall 8.42265 -3.60005 0
wall 8.42265 -2.60005 0
wall 8.42265 -1.60005 0
wall 8.42265 -0.600049 0
wall 8.42265 0.399951 0
wall 8.42265 1.39995 0
wall 7.42265 1.39995 0
wall 6.42265 1.39995 0
wall 5.42265 1.39995 0
wall 4.42265 1.39995 0
wall 3.42265 1.39995 0
wall 2.42265 1.39995 0
wall 1.42265 1.39995 0
wall 0.42265 1.39995 0
wall -12.7659 4.52258 0
wall -18.7318 3.62448 0
