wall -11.4388 21.7228 0
wall -11.4388 20.7228 0
wall -11.4388 19.7228 0
wall -11.4388 18.7228 0
wall -11.4388 17.7228 0
wall -11.4388 16.7228 0
wall -11.4388 15.7228 0
wall -11.4388 14.7228 0
wall -11.4388 13.7228 0
wall -11.4388 12.7228 0
wall -11.4388 11.7228 0
wall -11.4388 10.7228 0
wall -11.4388 9.72283 0
wall -11.4388 8.72283 0
wall -11.4388 7.72283 0
wall -11.4388 6.72283 0
wall -11.4388 5.72283 0
wall -11.4388 4.72283 0
wall -11.4388 3.72283 0
wall -11.4388 2.72283 0
wall -11.4388 1.72283 0
wall -11.4388 0.722826 0
wall -11.4388 -0.277174 0
wall -11.4388 -1.27717 0
wall -11.4388 -2.27717 0
wall -11.4388 -3.27717 0
wall -11.4388 -4.27717 0
wall -11.4388 -5.27717 0
wall -11.4388 -6.27717 0
wall -10.4388 -6.27717 0
wall -9.43875 -6.27717 0
wall -8.43875 -6.27717 0
wall -7.43875 -6.27717 0
wall -6.43875 -6.27717 0
wall -5.43875 -6.27717 0
wall -4.43875 -6.27717 0
wall -3.43875 -6.27717 0
wall -2.43875 -6.27717 0
wall -1.43875 -6.27717 0
wall -0.43875 -6.27717 0
wall 0.56125 -6.27717 0
wall 1.56125 -6.27717 0
wall 2.56125 -6.27717 0
wall 3.56125 -6.27717 0
wall 4.56125 -6.27717 0
wall 5.56125 -6.27717 0
wall 6.56125 -6.27717 0
wall 7.56125 -6.27717 0
wall 8.56125 -6.27717 0
wall 9.56125 -6.27717 0
wall 10.5612 -6.27717 0
wall 11.5612 -6.27717 0
wall 11.5612 -5.27717 0
wall 11.5612 -4.27717 0
wall 11.5612 -3.27717 0
wall 11.5612 -2.27717 0
wall 11.5612 -1.27717 0
wall 11.5612 -0.277174 0
wall 11.5612 0.722826 0
wall 11.5612 1.72283 0
wall 11.5612 2.72283 0
wall 11.5612 3.72283 0
wall 11.5612 4.72283 0
wall 11.5612 5.72283 0
wall 11.5612 6.72283 0
wall 11.5612 7.72283 0
wall 11.5612 8.72283 0
wall 11.5612 9.72283 0
wall 11.5612 10.7228 0
wall 11.5612 11.7228 0
wall 11.5612 12.7228 0
wall 11.5612 13.7228 0
wall 11.5612 14.7228 0
wall 11.5612 15.7228 0
wall 11.5612 16.7228 0
wall 11.5612 17.7228 0
wall 11.5612 18.7228 0
wall 11.5612 19.7228 0
wall 11.5612 20.7228 0
wall 11.5612 21.7228 0
wall 10.5612 21.7228 0
wall 9.56125 21.7228 0
wall 8.56125 21.7228 0
wall 7.56125 21.7228 0
wall 6.56125 21.7228 0
wall 5.56125 21.7228 0
wall -10.7171 21.795 0
wall -9.71706 21.795 0
wall -8.71706 21.795 0
wall -7.71706 21.795 0
wall -6.71706 21.795 0
wall -5.71706 21.795 0
wall -4.71706 21.795 0
wall -3.71706 21.795 0
wall -2.71706 21.795 0
wall 4.65488 21.795 0
wall 3.65488 21.795 0
wall 2.65488 21.795 0
goal -0.180422 21.795 0
