wall -5.45275 7.53763 0
wall -4.45275 7.53763 0
wall -3.45275 7.53763 0
wall -2.45275 7.53763 0
wall -1.45275 7.53763 0
wall -0.452752 7.53763 0
wall 0.547248 7.53763 0
wall 1.54725 7.53763 0
wall 2.54725 7.53763 0
wall 3.54725 7.53763 0
wall 4.54725 7.53763 0
wall 5.54725 7.53763 0
wall 6.54725 7.53763 0
wall 7.54725 7.53763 0
wall 8.54725 7.53763 0
wall 9.54725 7.53763 0
wall 10.5472 7.53763 0
wall 11.5472 7.53763 0
wall 12.5472 7.53763 0
wall 13.5472 7.53763 0
wall 13.5472 6.53763 0
wall 13.5472 5.53763 0
wall 13.5472 4.53763 0
wall 13.5472 3.53763 0
wall 14.5472 3.53763 0
wall 14.5472 2.53763 0
wall 15.5472 2.53763 0
wall 15.5472 1.53763 0
wall 16.5472 1.53763 0
wall 16.5472 0.537629 0
wall 17.5472 0.537629 0
wall 17.5472 -0.462371 0
wall 18.5472 -0.462371 0
wall 18.5472 -1.46237 0
wall 19.5472 -1.46237 0
wall 19.5472 -2.46237 0
wall 19.5472 -3.46237 0
wall 19.5472 -4.46237 0
wall 18.5472 -4.46237 0
wall 17.5472 -4.46237 0
wall 16.5472 -4.46237 0
wall 15.5472 -4.46237 0
wall 14.5472 -4.46237 0
wall 13.5472 -4.46237 0
wall 12.5472 -4.46237 0
wall 11.5472 -4.46237 0
wall 10.5472 -4.46237 0
wall 9.54725 -4.46237 0
wall 8.54725 -4.46237 0
wall 7.54725 -4.46237 0
wall 6.54725 -4.46237 0
wall 5.54725 -4.46237 0
wall 4.54725 -4.46237 0
wall 3.54725 -4.46237 0
wall 2.54725 -4.46237 0
wall 1.54725 -4.46237 0
wall 0.547249 -4.46237 0
wall -0.452751 -4.46237 0
wall -1.45275 -4.46237 0
wall -2.45275 -4.46237 0
wall -3.45275 -4.46237 0
wall -4.45275 -4.46237 0
wall -4.45275 -3.46237 0
wall -4.45275 -2.46237 0
wall -4.45275 -1.46237 0
wall -4.45275 -0.462371 0
wall -4.45275 0.537629 0
wall -4.45275 1.53763 0
wall -3.45275 1.53763 0
wall -2.45275 1.53763 0
wall -1.45275 1.53763 0
wall -0.452751 1.53763 0
wall 0.547249 1.53763 0
wall 1.54725 1.53763 0
wall 2.54725 1.53763 0
wall 2.54725 2.53763 0
wall 2.54725 3.53763 0
wall 2.54725 4.53763 0
wall -18.4752 3.56033 0
