wall -24.6705 21.0765 0 0 0 0
wall -24.6705 20.0765 0 0 0 0
wall -24.6705 19.0765 0 0 0 0
wall -24.6705 18.0765 0 0 0 0
wall -24.6705 17.0765 0 0 0 0
wall -24.6705 16.0765 0 0 0 0
wall -24.6705 15.0765 0 0 0 0
wall -24.6705 14.0765 0 0 0 0
wall -24.6705 13.0765 0 0 0 0
wall -23.6705 13.0765 0 0 0 0
wall -22.6705 13.0765 0 0 0 0
wall -21.6705 13.0765 0 0 0 0
wall -20.6705 13.0765 0 0 0 0
wall -19.6705 13.0765 0 0 0 0
wall -18.6705 13.0765 0 0 0 0
wall -17.6705 13.0765 0 0 0 0
wall -17.6705 12.0765 0 0 0 0
wall -16.6705 12.0765 0 0 0 0
wall -15.6705 12.0765 0 0 0 0
wall -14.6705 12.0765 0 0 0 0
wall -13.6705 12.0765 0 0 0 0
wall -12.6705 12.0765 0 0 0 0
wall -11.6705 12.0765 0 0 0 0
wall -10.6705 12.0765 0 0 0 0
wall -9.67051 12.0765 0 0 0 0
wall -8.67051 12.0765 0 0 0 0
wall -7.67051 12.0765 0 0 0 0
wall -6.67051 12.0765 0 0 0 0
wall -5.67051 12.0765 0 0 0 0
wall -4.67051 12.0765 0 0 0 0
wall -3.67051 12.0765 0 0 0 0
wall -3.67051 11.0765 0 0 0 0
wall -2.67051 11.0765 0 0 0 0
wall -1.67051 11.0765 0 0 0 0
wall -0.670506 11.0765 0 0 0 0
wall 0.329494 11.0765 0 0 0 0
wall 0.329494 10.0765 0 0 0 0
wall 0.329494 9.07651 0 0 0 0
wall 0.329494 8.07651 0 0 0 0
wall 0.329494 7.07651 0 0 0 0
wall 0.329494 6.07651 0 0 0 0
wall 0.329494 5.07651 0 0 0 0
wall 0.329494 4.07651 0 0 0 0
wall 0.329494 3.07651 0 0 0 0
wall 0.329494 2.07651 0 0 0 0
wall 0.329494 1.07651 0 0 0 0
wall 0.329494 0.0765057 0 0 0 0
wall 0.329494 -0.923494 0 0 0 0
wall 0.329494 -1.92349 0 0 0 0
wall 0.329494 -2.92349 0 0 0 0
wall 0.329494 -3.92349 0 0 0 0
wall 0.329494 -4.92349 0 0 0 0
wall 0.329494 -5.92349 0 0 0 0
wall 0.329494 -6.92349 0 0 0 0
wall 0.329494 -7.92349 0 0 0 0
wall 0.329494 -8.92349 0 0 0 0
wall 0.329494 -9.92349 0 0 0 0
wall 0.329494 -10.9235 0 0 0 0
wall 0.329494 -11.9235 0 0 0 0
wall 0.329494 -12.9235 0 0 0 0
wall 0.329494 -13.9235 0 0 0 0
wall 0.329494 -14.9235 0 0 0 0
wall 0.329494 -15.9235 0 0 0 0
wall 0.329494 -16.9235 0 0 0 0
wall 0.329494 -17.9235 0 0 0 0
wall 0.329494 -18.9235 0 0 0 0
wall 0.329494 -19.9235 0 0 0 0
wall 0.329494 -20.9235 0 0 0 0
wall 0.329494 -21.9235 0 0 0 0
wall 0.329494 -22.9235 0 0 0 0
wall 0.329494 -23.9235 0 0 0 0
wall 1.32949 -23.9235 0 0 0 0
wall 2.32949 -23.9235 0 0 0 0
wall 3.32949 -23.9235 0 0 0 0
wall 4.32949 -23.9235 0 0 0 0
wall 5.32949 -23.9235 0 0 0 0
wall 6.32949 -23.9235 0 0 0 0
wall 7.32949 -23.9235 0 0 0 0
wall 8.32949 -23.9235 0 0 0 0
wall 9.32949 -23.9235 0 0 0 0
wall 10.3295 -23.9235 0 0 0 0
wall 11.3295 -23.9235 0 0 0 0
wall 12.3295 -23.9235 0 0 0 0
wall 13.3295 -23.9235 0 0 0 0
wall 14.3295 -23.9235 0 0 0 0
wall 15.3295 -23.9235 0 0 0 0
wall 16.3295 -23.9235 0 0 0 0
wall 17.3295 -23.9235 0 0 0 0
wall 18.3295 -23.9235 0 0 0 0
wall 19.3295 -23.9235 0 0 0 0
wall 20.3295 -23.9235 0 0 0 0
wall 21.3295 -23.9235 0 0 0 0
wall 22.3295 -23.9235 0 0 0 0
wall 23.3295 -23.9235 0 0 0 0
wall 24.3295 -23.9235 0 0 0 0
wall 24.3295 -22.9235 0 0 0 0
wall 24.3295 -21.9235 0 0 0 0
wall 24.3295 -20.9235 0 0 0 0
wall 24.3295 -19.9235 0 0 0 0
wall 24.3295 -18.9235 0 0 0 0
wall 24.3295 -17.9235 0 0 0 0
wall 24.3295 -16.9235 0 0 0 0
wall 24.3295 -15.9235 0 0 0 0
wall 24.3295 -14.9235 0 0 0 0
wall 24.3295 -13.9235 0 0 0 0
wall 24.3295 -12.9235 0 0 0 0
wall 24.3295 -11.9235 0 0 0 0
wall 23.3295 -11.9235 0 0 0 0
wall 22.3295 -11.9235 0 0 0 0
wall 21.3295 -11.9235 0 0 0 0
wall 20.3295 -11.9235 0 0 0 0
wall 19.3295 -11.9235 0 0 0 0
wall 18.3295 -11.9235 0 0 0 0
wall 17.3295 -11.9235 0 0 0 0
wall 17.3295 -10.9235 0 0 0 0
wall 16.3295 -10.9235 0 0 0 0
wall 15.3295 -10.9235 0 0 0 0
wall 14.3295 -10.9235 0 0 0 0
wall 13.3295 -10.9235 0 0 0 0
wall 13.3295 -9.92349 0 0 0 0
wall 12.3295 -9.92349 0 0 0 0
wall 12.3295 -8.92349 0 0 0 0
wall 12.3295 -7.92349 0 0 0 0
wall 12.3295 -6.92349 0 0 0 0
wall 11.3295 -6.92349 0 0 0 0
wall 11.3295 -5.92349 0 0 0 0
wall 11.3295 -4.92349 0 0 0 0
wall 11.3295 -3.92349 0 0 0 0
wall 11.3295 -2.92349 0 0 0 0
wall 11.3295 -1.92349 0 0 0 0
wall 11.3295 -0.923494 0 0 0 0
wall 11.3295 0.0765057 0 0 0 0
wall 11.3295 1.07651 0 0 0 0
wall 11.3295 2.07651 0 0 0 0
wall 11.3295 3.07651 0 0 0 0
wall 11.3295 4.07651 0 0 0 0
wall 11.3295 5.07651 0 0 0 0
wall 11.3295 6.07651 0 0 0 0
wall 11.3295 7.07651 0 0 0 0
wall 11.3295 8.07651 0 0 0 0
wall 11.3295 9.07651 0 0 0 0
wall 11.3295 10.0765 0 0 0 0
wall 11.3295 11.0765 0 0 0 0
wall 11.3295 12.0765 0 0 0 0
wall 11.3295 13.0765 0 0 0 0
wall 11.3295 14.0765 0 0 0 0
wall 11.3295 15.0765 0 0 0 0
wall 11.3295 16.0765 0 0 0 0
wall 11.3295 17.0765 0 0 0 0
wall 11.3295 18.0765 0 0 0 0
wall 11.3295 19.0765 0 0 0 0
wall 11.3295 20.0765 0 0 0 0
wall 11.3295 21.0765 0 0 0 0
wall 11.3295 22.0765 0 0 0 0
wall 11.3295 23.0765 0 0 0 0
wall 10.3295 23.0765 0 0 0 0
wall 9.32949 23.0765 0 0 0 0
wall 8.32949 23.0765 0 0 0 0
wall 7.32949 23.0765 0 0 0 0
wall 6.32949 23.0765 0 0 0 0
wall 5.32949 23.0765 0 0 0 0
wall 4.32949 23.0765 0 0 0 0
wall 3.32949 23.0765 0 0 0 0
wall 2.32949 23.0765 0 0 0 0
wall 1.32949 23.0765 0 0 0 0
wall 0.329494 23.0765 0 0 0 0
wall -0.670506 23.0765 0 0 0 0
wall -1.67051 23.0765 0 0 0 0
wall -2.67051 23.0765 0 0 0 0
wall -3.67051 23.0765 0 0 0 0
wall -4.67051 23.0765 0 0 0 0
wall -5.67051 23.0765 0 0 0 0
wall -6.67051 23.0765 0 0 0 0
wall -7.67051 23.0765 0 0 0 0
wall -8.67051 23.0765 0 0 0 0
wall -9.67051 23.0765 0 0 0 0
wall -10.6705 23.0765 0 0 0 0
wall -11.6705 23.0765 0 0 0 0
wall -12.6705 23.0765 0 0 0 0
wall -13.6705 23.0765 0 0 0 0
wall -14.6705 23.0765 0 0 0 0
wall -15.6705 23.0765 0 0 0 0
wall -16.6705 23.0765 0 0 0 0
wall -17.6705 23.0765 0 0 0 0
wall -18.6705 23.0765 0 0 0 0
wall -19.6705 23.0765 0 0 0 0
wall -20.6705 23.0765 0 0 0 0
wall -21.6705 23.0765 0 0 0 0
wall -22.6705 23.0765 0 0 0 0
wall -23.6705 23.0765 0 0 0 0
wall -24.6705 23.0765 0 0 0 0
wall -24.6705 22.0765 0 0 0 0
wall -23.6705 22.0765 0 0 0 0
goal -21.7317 18.4311 0 630 0 0
player 17.1834 -17.962 0 0 0 0
