wall -14.8668 13.2791 0 0 0 0
wall -14.8668 12.2791 0 0 0 0
wall -14.8668 11.2791 0 0 0 0
wall -14.8668 11.0791 0 1980 0 0
wall -14.8668 9.27906 0 0 0 0
wall -14.8668 8.27906 0 0 0 0
wall -14.8668 7.27906 0 0 0 0
wall -14.8668 6.27906 0 0 0 0
wall -15.8668 6.27906 0 90 0 0
wall -15.8668 5.27906 0 0 0 0
wall -15.8668 4.27906 0 0 0 0
wall -15.8668 3.27906 0 0 0 0
wall -16.8668 3.27906 0 90 0 0
wall -16.8668 2.27906 0 0 0 0
wall -16.8668 1.27906 0 0 0 0
wall -16.8668 0.279057 0 0 0 0
wall -16.8668 -0.720943 0 0 0 0
wall -16.8668 -1.72094 0 0 0 0
wall -16.8668 -2.72094 0 0 0 0
wall -16.8668 -3.72094 0 0 0 0
wall -16.8668 -4.72094 0 0 0 0
wall -16.8668 -5.72094 0 0 0 0
wall -16.8668 -6.72094 0 0 0 0
wall -16.8668 -7.72094 0 0 0 0
wall -16.8668 -8.72094 0 0 0 0
wall -16.8668 -9.72094 0 0 0 0
wall -16.8668 -10.7209 0 0 0 0
wall -16.8668 -11.7209 0 0 0 0
wall -16.8668 -12.7209 0 0 0 0
wall -16.8668 -13.7209 0 0 0 0
wall -16.8668 -14.7209 0 0 0 0
wall -16.8668 -15.7209 0 0 0 0
wall -15.8668 -15.7209 0 -90 0 0
wall -14.8668 -15.7209 0 -90 0 0
wall -13.8668 -15.7209 0 -90 0 0
wall -12.8668 -15.7209 0 -90 0 0
wall -11.8668 -15.7209 0 -90 0 0
wall -10.8668 -15.7209 0 -90 0 0
wall -9.86677 -15.7209 0 -90 0 0
wall -8.86677 -15.7209 0 -90 0 0
wall -7.86677 -15.7209 0 -90 0 0
wall -6.86677 -15.7209 0 -90 0 0
wall -5.86677 -15.7209 0 -90 0 0
wall -4.86677 -15.7209 0 -90 0 0
wall -3.86677 -15.7209 0 -90 0 0
wall -2.86677 -15.7209 0 -90 0 0
wall -1.86677 -15.7209 0 -90 0 0
wall -0.866768 -15.7209 0 -90 0 0
wall 0.133232 -15.7209 0 -90 0 0
wall 1.13323 -15.7209 0 -90 0 0
wall 2.13323 -15.7209 0 -90 0 0
wall 3.13323 -15.7209 0 -90 0 0
wall 4.13323 -15.7209 0 -90 0 0
wall 5.13323 -15.7209 0 -90 0 0
wall 6.13323 -15.7209 0 -90 0 0
wall 7.13323 -15.7209 0 -90 0 0
wall 8.13323 -15.7209 0 -90 0 0
wall 9.13323 -15.7209 0 -90 0 0
wall 10.1332 -15.7209 0 -90 0 0
wall 11.1332 -15.7209 0 -90 0 0
wall 12.1332 -15.7209 0 -90 0 0
wall 13.1332 -15.7209 0 -90 0 0
wall 14.1332 -15.7209 0 -90 0 0
wall 15.1332 -15.7209 0 -90 0 0
wall 15.1332 -14.7209 0 0 0 0
wall 15.1332 -13.7209 0 0 0 0
wall 15.1332 -12.7209 0 0 0 0
wall 15.1332 -11.7209 0 0 0 0
wall 15.1332 -10.7209 0 0 0 0
wall 15.1332 -9.72094 0 0 0 0
wall 15.1332 -8.72094 0 0 0 0
wall 15.1332 -7.72094 0 0 0 0
wall 15.1332 -6.72094 0 0 0 0
wall 15.1332 -5.72094 0 0 0 0
wall 15.1332 -4.72094 0 0 0 0
wall 15.1332 -3.72094 0 0 0 0
wall 15.1332 -2.72094 0 0 0 0
wall 15.1332 -1.72094 0 0 0 0
wall 15.1332 -0.720943 0 0 0 0
wall 15.1332 0.279057 0 0 0 0
wall 15.1332 1.27906 0 0 0 0
wall 15.1332 2.27906 0 0 0 0
wall 15.1332 3.27906 0 0 0 0
wall 15.1332 4.27906 0 0 0 0
wall 15.1332 5.27906 0 0 0 0
wall 15.1332 6.27906 0 0 0 0
wall 15.1332 7.27906 0 0 0 0
wall 15.1332 8.27906 0 0 0 0
wall 15.1332 9.27906 0 0 0 0
wall 15.1332 10.2791 0 0 0 0
wall 14.1332 10.2791 0 90 0 0
wall 14.1332 11.2791 0 0 0 0
wall 13.1332 11.2791 0 90 0 0
wall 12.1332 11.2791 0 90 0 0
wall 11.1332 11.2791 0 90 0 0
wall -20.7205 22.7091 7.6 0 0 0
wall -2.39515 11.4532 0 0 0 0
goal -2.81458 9.95929 0 0 0 0
player -1.88837 -14.1972 0 0 0 0
