wall -6.19048 6.7999 0
wall -5.19048 6.7999 0
wall -4.19048 6.7999 0
wall -3.19048 6.7999 0
wall -2.19048 6.7999 0
wall -1.19048 6.7999 0
wall -0.190477 6.7999 0
wall 0.809523 6.7999 0
wall 1.80952 6.7999 0
wall 2.80952 6.7999 0
wall 3.80952 6.7999 0
wall 4.80952 6.7999 0
wall 5.80952 6.7999 0
wall 6.80952 6.7999 0
wall 7.80952 6.7999 0
wall 8.80952 6.7999 0
wall 9.80952 6.7999 0
wall 10.8095 6.7999 0
wall 11.8095 6.7999 0
wall 12.8095 6.7999 0
wall 13.8095 6.7999 0
wall 13.8095 5.7999 0
wall 14.8095 5.7999 0
wall 14.8095 4.7999 0
wall 14.8095 3.7999 0
wall 14.8095 2.7999 0
wall 14.8095 1.7999 0
wall 14.8095 0.799903 0
wall 14.8095 -0.200097 0
wall 14.8095 -1.2001 0
wall 14.8095 -2.2001 0
wall 15.8095 -2.2001 0
wall 15.8095 -3.2001 0
wall 15.8095 -4.2001 0
wall 15.8095 -5.2001 0
wall 15.8095 -6.2001 0
wall 15.8095 -7.2001 0
wall 15.8095 -8.2001 0
wall 14.8095 -8.2001 0
wall 13.8095 -8.2001 0
wall 12.8095 -8.2001 0
wall 10.8095 -8.2001 0
wall 8.80952 -8.2001 0
wall 7.80952 -8.2001 0
wall 6.80952 -8.2001 0
wall 5.80952 -8.2001 0
wall 4.80952 -8.2001 0
wall 3.80952 -8.2001 0
wall 2.80952 -8.2001 0
wall 1.80952 -8.2001 0
wall 0.809523 -8.2001 0
wall -1.19048 -8.2001 0
wall -2.19048 -8.2001 0
wall -3.19048 -8.2001 0
wall -4.19048 -8.2001 0
wall -5.19048 -8.2001 0
wall -6.19048 -8.2001 0
wall -7.19048 -8.2001 0
wall -8.19048 -8.2001 0
wall -9.19048 -8.2001 0
wall -10.1905 -8.2001 0
wall -10.1905 -7.2001 0
wall -11.1905 -7.2001 0
wall -12.1905 -7.2001 0
wall -12.1905 -6.2001 0
wall -12.1905 -5.2001 0
wall -12.1905 -4.2001 0
wall -12.1905 -3.2001 0
wall -12.1905 -2.2001 0
wall -12.1905 -1.2001 0
wall -12.1905 -0.200097 0
wall -12.1905 0.799903 0
wall -12.1905 1.7999 0
wall -12.1905 2.7999 0
wall -12.1905 3.7999 0
wall -12.1905 4.7999 0
wall -12.1905 5.7999 0
wall -12.1905 6.7999 0
wall -12.1905 7.7999 0
wall -11.1905 7.7999 0
wall -10.1905 7.7999 0
wall -9.19048 7.7999 0
wall -8.19048 7.7999 0
wall -7.19048 7.7999 0
wall -6.19048 7.7999 0
wall -5.19048 7.7999 0
wall -0.2566 5.67728 0
wall -0.2566 4.67728 0
wall -0.2566 3.67728 0
wall -0.2566 2.67728 0
wall -0.2566 1.67728 0
wall -0.2566 0.677278 0
wall -0.2566 -0.322722 0
wall -0.2566 -1.32272 0
wall -0.2566 -3.32272 0
wall -0.2566 -4.32272 0
wall -0.2566 -5.32272 0
wall -0.2566 -6.32272 0
wall 2.86035 -6.22255 0
wall 3.86035 -6.22255 0
wall 4.86035 -6.22255 0
wall 5.86035 -6.22255 0
wall 6.86035 -6.22255 0
wall 7.86035 -6.22255 0
wall 8.86035 -6.22255 0
wall 9.86035 -6.22255 0
wall 10.8604 -6.22255 0
wall 11.8604 -6.22255 0
wall 6.7999 0.224525 0
wall 6.7999 -0.775475 0
wall 6.7999 -1.77547 0
wall 6.7999 -2.77547 0
wall 6.7999 -3.77547 0
wall -18.4431 3.81693 0
wall 14.9149 6.63953 0
wall 15.9149 6.63953 0
wall 16.9149 6.63953 0
wall 16.9149 5.63953 0
wall 16.9149 4.63953 0
wall 16.9149 3.63953 0
wall 16.9149 2.63953 0
wall 16.9149 1.63953 0
wall 16.9149 0.639528 0
wall 16.9149 -0.360472 0
wall 16.9149 -1.36047 0
wall 16.9149 -2.36047 0
wall 16.9149 -3.36047 0
wall 17.9149 -3.36047 0
wall 17.9149 -4.36047 0
wall 17.9149 -5.36047 0
wall 17.9149 -6.36047 0
wall 17.9149 -7.36047 0
wall 17.9149 -8.36047 0
wall 17.9149 -9.36047 0
wall 16.9149 -9.36047 0
wall 15.9149 -9.36047 0
wall 14.9149 -9.36047 0
wall 13.9149 -9.36047 0
wall 13.9149 -10.3605 0
wall 12.9149 -10.3605 0
wall 11.9149 -10.3605 0
wall 10.9149 -10.3605 0
wall 9.91488 -10.3605 0
wall 8.91488 -10.3605 0
wall 7.91488 -10.3605 0
wall 6.91488 -10.3605 0
wall 5.91488 -10.3605 0
wall 4.91488 -10.3605 0
wall 3.91488 -10.3605 0
wall 2.91488 -10.3605 0
wall 1.91488 -10.3605 0
wall 0.914881 -10.3605 0
wall -0.0851192 -10.3605 0
wall -0.0851192 -9.36047 0
wall -0.0851192 -8.36047 0
wall -0.0851192 -7.36047 0
wall -0.0851192 -6.36047 0
wall -0.0851192 -5.36047 0
wall -0.0851192 -4.36047 0
wall -0.0851192 -3.36047 0
wall -0.0851192 -2.36047 0
wall -0.0851192 -1.36047 0
wall -0.0851192 -0.360472 0
wall -0.0851192 0.639528 0
wall -0.0851192 1.63953 0
wall 0.914881 1.63953 0
wall 0.914881 2.63953 0
wall 0.914881 3.63953 0
wall 0.914881 4.63953 0
wall 0.914881 5.63953 0
wall 0.914881 6.63953 0
wall 0.914881 7.63953 0
wall 0.914881 8.63953 0
goal 5.52825 4.81125 0
goal -18.3469 3.5924 0
