wall -22.7725 20.1423 0 270 0 0
wall -21.7725 20.1423 0 -90 0 0
wall -20.7725 20.1423 0 -90 0 0
wall -19.7725 20.1423 0 -90 0 0
wall -18.7725 20.1423 0 -90 0 0
wall -17.7725 20.1423 0 -90 0 0
wall -16.7725 20.1423 0 -90 0 0
wall -15.7725 20.1423 0 -90 0 0
wall -14.7725 20.1423 0 -90 0 0
wall -13.7725 20.1423 0 -90 0 0
wall -12.7725 20.1423 0 -90 0 0
wall -11.7725 20.1423 0 -90 0 0
wall -10.7725 20.1423 0 -90 0 0
wall -9.77245 20.1423 0 -90 0 0
wall -8.77245 20.1423 0 -90 0 0
wall -7.77245 20.1423 0 -90 0 0
wall -6.77245 20.1423 0 -90 0 0
wall -5.77245 20.1423 0 -90 0 0
wall -4.77245 20.1423 0 -90 0 0
wall -3.77245 20.1423 0 -90 0 0
wall -2.77245 20.1423 0 -90 0 0
wall -1.77245 20.1423 0 -90 0 0
wall -0.772453 20.1423 0 -90 0 0
wall 0.227547 20.1423 0 -90 0 0
wall 1.22755 20.1423 0 -90 0 0
wall 2.22755 20.1423 0 -90 0 0
wall 3.22755 20.1423 0 -90 0 0
wall 4.22755 20.1423 0 -90 0 0
wall 4.22755 19.1423 0 0 0 0
wall 4.22755 18.1423 0 0 0 0
wall 4.22755 17.1423 0 0 0 0
wall 4.22755 16.1423 0 0 0 0
wall 4.22755 15.1423 0 0 0 0
wall 4.22755 14.1423 0 0 0 0
wall 4.22755 13.1423 0 0 0 0
wall 4.22755 12.1423 0 0 0 0
wall 4.22755 11.1423 0 0 0 0
wall 4.22755 10.1423 0 0 0 0
wall 4.22755 9.14231 0 0 0 0
wall 4.22755 8.14231 0 0 0 0
wall 4.22755 7.14231 0 0 0 0
wall 4.22755 6.14231 0 0 0 0
wall 4.22755 5.14231 0 0 0 0
wall 4.22755 4.14231 0 0 0 0
wall 4.22755 3.14231 0 0 0 0
wall 4.22755 2.14231 0 0 0 0
wall 4.22755 1.14231 0 0 0 0
wall 4.22755 0.142307 0 0 0 0
wall 4.22755 -0.857693 0 0 0 0
wall 4.22755 -1.85769 0 0 0 0
wall 4.22755 -2.85769 0 0 0 0
wall 4.22755 -3.85769 0 0 0 0
wall 4.22755 -4.85769 0 0 0 0
wall 4.22755 -5.85769 0 0 0 0
wall 4.22755 -6.85769 0 0 0 0
wall 4.22755 -7.85769 0 0 0 0
wall 4.22755 -8.85769 0 0 0 0
wall 4.22755 -9.85769 0 0 0 0
wall 4.72755 -10.5577 0 -90 0 0
wall 5.92755 -10.5577 0 -90 0 0
wall 6.22755 -10.8577 0 0 0 0
wall 7.22755 -10.8577 0 -90 0 0
wall 8.22755 -10.8577 0 -90 0 0
wall 9.22755 -10.8577 0 -90 0 0
wall 10.2275 -10.8577 0 -90 0 0
wall 11.2275 -10.8577 0 -90 0 0
wall 12.2275 -10.8577 0 -90 0 0
wall 13.2275 -10.8577 0 -90 0 0
wall 14.2275 -10.8577 0 -90 0 0
wall 15.2275 -10.8577 0 -90 0 0
wall 16.2275 -10.8577 0 -90 0 0
wall 16.2275 -11.8577 0 0 0 0
wall 17.2275 -11.8577 0 -90 0 0
wall 18.2275 -11.8577 0 -90 0 0
wall 19.2275 -11.8577 0 -90 0 0
wall 20.2275 -11.8577 0 -90 0 0
wall 21.2275 -11.8577 0 -90 0 0
wall 22.2275 -11.8577 0 -90 0 0
wall 23.2275 -11.8577 0 -90 0 0
wall 24.2275 -11.8577 0 -90 0 0
wall 24.1373 -12.911 0 0 0 0
wall 24.1373 -13.911 0 0 0 0
wall 24.1373 -14.911 0 0 0 0
wall 24.1373 -15.911 0 0 0 0
wall 24.1373 -16.911 0 0 0 0
wall 24.1373 -17.911 0 0 0 0
wall 24.1373 -18.911 0 0 0 0
wall 24.1373 -19.911 0 0 0 0
wall 24.1373 -20.911 0 360 0 0
wall 24.1373 -21.911 0 0 0 0
wall 24.1373 -22.911 0 0 0 0
wall 24.1373 -23.911 0 0 0 0
wall 23.1373 -23.911 0 90 0 0
wall 22.1373 -23.911 0 90 0 0
wall 21.1373 -23.911 0 90 0 0
wall 20.1373 -23.911 0 90 0 0
wall 19.1373 -23.911 0 90 0 0
wall 18.1373 -23.911 0 90 0 0
wall 17.1373 -23.911 0 90 0 0
wall 16.1373 -23.911 0 90 0 0
wall 15.1373 -23.911 0 90 0 0
wall 14.1373 -23.911 0 90 0 0
wall 13.1373 -23.911 0 90 0 0
wall 12.1373 -23.911 0 90 0 0
wall 11.1373 -23.911 0 90 0 0
wall 10.1373 -23.911 0 90 0 0
wall 9.13725 -23.911 0 90 0 0
wall 8.13725 -23.911 0 90 0 0
wall 7.13725 -23.911 0 90 0 0
wall 6.13725 -23.911 0 90 0 0
wall 5.13725 -23.911 0 90 0 0
wall 4.13725 -23.911 0 90 0 0
wall 3.13725 -23.911 0 90 0 0
wall 2.13725 -23.911 0 90 0 0
wall 1.13725 -23.911 0 90 0 0
wall 0.137253 -23.911 0 90 0 0
wall -0.862747 -23.911 0 90 0 0
wall -1.86275 -23.911 0 90 0 0
wall -2.86275 -23.911 0 90 0 0
wall -3.86275 -23.911 0 90 0 0
wall -4.86275 -23.911 0 90 0 0
wall -5.86275 -23.911 0 90 0 0
wall -6.86275 -23.911 0 90 0 0
wall -7.86275 -23.911 0 90 0 0
wall -8.86275 -23.911 0 90 0 0
wall -9.86275 -23.911 0 90 0 0
wall -10.8627 -23.911 0 90 0 0
wall -11.8627 -23.911 0 90 0 0
wall -11.8627 -24.911 0 0 0 0
wall -12.8627 -24.911 0 90 0 0
wall -13.8627 -24.911 0 90 0 0
wall -14.8627 -24.911 0 90 0 0
wall -15.8627 -24.911 0 90 0 0
wall -16.8627 -24.911 0 90 0 0
wall -17.8627 -24.911 0 90 0 0
wall -18.8627 -24.911 0 90 0 0
wall -19.8627 -24.911 0 90 0 0
wall -20.8627 -24.911 0 90 0 0
wall -21.8627 -24.911 0 90 0 0
wall -22.8627 -24.911 0 90 0 0
wall -23.8627 -24.911 0 90 0 0
wall -24.8653 -23.458 0 0 0 0
wall -24.8653 -22.458 0 0 0 0
wall -24.8653 -21.458 0 0 0 0
wall -24.8653 -20.458 0 0 0 0
wall -24.8653 -19.458 0 0 0 0
wall -24.8653 -18.458 0 0 0 0
wall -24.8653 -17.458 0 0 0 0
wall -24.8653 -16.458 0 0 0 0
wall -24.8653 -15.458 0 0 0 0
wall -24.8653 -14.458 0 0 0 0
wall -24.8653 -13.458 0 0 0 0
wall -24.8653 -12.458 0 0 0 0
wall -24.8653 -11.458 0 0 0 0
wall -24.8653 -10.458 0 0 0 0
wall -24.8653 -9.458 0 0 0 0
wall -24.8653 -8.458 0 0 0 0
wall -24.8653 -7.458 0 0 0 0
wall -24.8653 -6.458 0 0 0 0
wall -24.8653 -5.458 0 0 0 0
wall -24.8653 -4.458 0 0 0 0
wall -24.8653 -3.458 0 0 0 0
wall -24.8653 -2.458 0 0 0 0
wall -24.8653 -1.458 0 0 0 0
wall -24.8653 -0.458002 0 0 0 0
wall -24.8653 0.541998 0 0 0 0
wall -24.8653 1.542 0 0 0 0
wall -24.8653 2.542 0 0 0 0
wall -24.8653 3.542 0 0 0 0
wall -24.8653 4.542 0 0 0 0
wall -24.8653 5.542 0 0 0 0
wall -24.8653 6.542 0 0 0 0
wall -24.8653 7.542 0 0 0 0
wall -24.8653 8.542 0 0 0 0
wall -24.3906 20.2922 0 270 0 0
wall -24.7194 -24.616 0 0 0 0
goal -24.6472 15.032 0 270 0 0
player 18.1208 -18.5418 0 0 0 0
